[[-0.00122341 -0.17727802  0.15325789 ...,  0.03149813 -0.00407913
  -0.12654206]
 [-0.2232641  -0.78030652  0.60285576 ..., -0.10697831 -0.18738892
  -0.41709224]
 [-0.05389842 -0.13956173  0.11173908 ..., -0.02092262 -0.07529071
  -0.14939164]
 ..., 
 [-0.01109808 -0.01843072  0.03180224 ..., -0.02700044 -0.0362472
  -0.00582998]
 [-0.0445922  -0.01228603 -0.03146325 ...,  0.03095947 -0.00455939
   0.02419742]
 [-0.00645097  0.02470196 -0.01621868 ..., -0.00190877 -0.00862212
   0.02000711]]
[[ 0.03674343  0.02628649  0.02850224 ..., -0.03813675  0.03718043
  -0.02103756]
 [ 0.00618977 -0.04028099 -0.00759135 ..., -0.04094471 -0.00574019
   0.04633302]
 [ 0.0362739   0.00036091 -0.04002233 ...,  0.17293287 -0.0293165
   0.00963734]
 ..., 
 [ 0.04048123 -0.06897246 -0.09379631 ...,  0.16814056  0.05440239
   0.00804545]
 [ 0.01557001  0.00578413 -0.08266634 ...,  0.12694748  0.02078575
   0.02893014]
 [-0.01723001 -0.0295588   0.03270228 ..., -0.05076881 -0.04365292
  -0.05120432]]
[[ 0.23636194 -0.1748754   0.0183085  ..., -0.08153303 -0.00808757
  -0.00721645]
 [-0.1243916   0.02970818  0.04893123 ...,  0.06411948 -0.00770549
   0.04463628]
 [-0.00519504 -0.04904397 -0.04468819 ..., -0.00494274 -0.02265929
  -0.01149781]
 ..., 
 [ 0.12049603 -0.03471832  0.02644034 ..., -0.04415579 -0.01464676
  -0.06187258]
 [ 0.2523412  -0.12183933 -0.05660635 ..., -0.03655317 -0.01762576
  -0.01363174]
 [ 0.33542608 -0.14361375  0.00842846 ..., -0.00864123 -0.00997755
  -0.01805034]]
[[ 0.05222624  0.06990262  0.02333671 ..., -0.07821866  0.05206173
  -0.0939075 ]
 [-0.2359056  -0.02127719  0.04200744 ...,  0.03779709 -0.10240385
   0.15550164]
 [-0.49614451 -0.07119311  0.07075125 ...,  0.12837212 -0.31675497
   0.38214874]
 ..., 
 [-0.46718538 -0.10161977  0.09310772 ...,  0.16929637 -0.39230776
   0.46884457]
 [ 0.23872146  0.07708197 -0.01731339 ..., -0.11009277  0.15670258
  -0.18163337]
 [ 0.34925425  0.0805422  -0.0305904  ..., -0.17056579  0.20027278
  -0.27263671]]
[[  1.12921633e-02  -1.09791342e-01  -1.93509142e-01 ...,  -7.79638448e-02
   -9.71855006e-02   2.25267813e-01]
 [  5.40109408e-02  -1.77993114e-01  -6.60401297e-01 ...,  -1.19194588e-01
   -1.53618771e-01   7.38437440e-01]
 [  2.91822871e-02  -6.60626331e-02  -3.15828166e-01 ...,  -7.60604883e-02
   -8.66650098e-02   3.45789549e-01]
 ..., 
 [  1.71208342e-02   3.23244256e-02   2.36530248e-01 ...,   3.02361001e-02
    2.94342393e-02  -3.29391874e-01]
 [ -1.81097856e-03   7.95895287e-02   3.13808072e-01 ...,   3.59272333e-02
    8.06172151e-02  -3.54735285e-01]
 [ -3.05626937e-04   2.38235843e-02   2.13021415e-01 ...,   6.64762802e-02
    9.19788976e-02  -2.59744205e-01]]
[[  1.31496802e-01  -9.99912242e-02  -7.29790141e-03 ...,   7.94764437e-01
   -6.15489774e-02   2.75886475e-01]
 [ -5.07528120e-02   8.79808954e-02   5.09338231e-03 ...,  -5.08742268e-01
   -4.29004247e-04  -1.30706625e-01]
 [ -9.38247104e-02   1.68888555e-01  -2.60377270e-04 ...,  -9.12471606e-01
    9.34687697e-02  -3.30996931e-01]
 ..., 
 [ -8.78297955e-02   1.28035213e-01   1.12843537e-02 ...,  -6.71264663e-01
    2.19252786e-02  -2.02877254e-01]
 [  4.31400399e-02   3.06051358e-02  -4.18826089e-02 ...,   1.20490078e-01
   -7.39706571e-03   4.03387943e-02]
 [ -1.04810555e-01   7.84562808e-02  -3.31347664e-02 ...,  -7.99794577e-01
    2.46695582e-02  -3.01861882e-01]]
[[-0.451708   -0.32161618  0.06779437 ...,  0.28743202  0.23152935
  -0.17451498]
 [ 0.75915442  0.5229672  -0.16047742 ..., -0.44715006 -0.49329874
   0.13476713]
 [ 0.76332126  0.61936753 -0.1421012  ..., -0.47686464 -0.47805558
   0.21142569]
 ..., 
 [-0.24956929 -0.12249509  0.02419134 ...,  0.11284233  0.15554303
  -0.06749644]
 [-1.52353169 -1.12632629  0.28078011 ...,  0.94292807  0.88764972
  -0.36071376]
 [ 1.49152318  1.11767243 -0.24856472 ..., -0.89630469 -0.83923976
   0.40636494]]
[[-0.2235198  -0.07266114 -0.25638452 ..., -0.42691961 -0.59299201
   0.40584729]
 [-0.238319   -0.08264758 -0.27928111 ..., -0.52967228 -0.70768129
   0.48809071]
 [-0.28033374 -0.03854999 -0.28430865 ..., -0.43919033 -0.66709765
   0.51329178]
 ..., 
 [ 0.03073157  0.03590732 -0.01144216 ..., -0.03125808 -0.03021056
   0.00157819]
 [-0.23721753 -0.10368976 -0.26602196 ..., -0.33209147 -0.49234089
   0.40907288]
 [ 0.10449936  0.05004237  0.05145427 ...,  0.07079315  0.18468078
  -0.13368721]]
[[ 0.02085315  0.14096373  0.07918146 ..., -0.21754356  0.58445087
  -0.08467938]
 [-0.01391478  0.14483008  0.10408247 ..., -0.28862825  0.84984024
  -0.12716849]
 [-0.0361694   0.10164961  0.02839806 ..., -0.17992732  0.3586879
  -0.06925147]
 ..., 
 [-0.04851174  0.06730419  0.0589725  ..., -0.16201131  0.28305226
  -0.05695317]
 [ 0.02950879 -0.08076298  0.01843216 ...,  0.0982964  -0.26888765
   0.03482042]
 [-0.06349992  0.20760627  0.10124539 ..., -0.3480899   0.79276217
  -0.06904805]]
[[-1.07241243  0.28105512  0.05584239 ..., -0.28218228 -0.24827377
  -0.37531994]
 [-0.04633889  0.016144    0.05271188 ..., -0.03381276 -0.02380253
  -0.03431348]
 [ 0.35064269 -0.1099349   0.01326907 ...,  0.05874946  0.06429344
   0.07426635]
 ..., 
 [ 0.73602742 -0.15450621 -0.01837176 ...,  0.23302014  0.17312974
   0.25101557]
 [ 0.39835699 -0.04489816  0.04707479 ...,  0.11909706  0.08699876
   0.10982775]
 [ 0.59796857 -0.10403066 -0.05048408 ...,  0.12255971  0.14720509
   0.17971445]]
[[ 0.04671019  0.11348453 -0.02075405 ..., -0.0630938  -0.09629094
   0.07207311]
 [-0.17056394 -0.50686647  0.20721321 ...,  0.38290603  0.25569927
  -0.20722143]
 [ 0.05469306  0.17224029 -0.0850794  ..., -0.1647807  -0.04449     0.06195199]
 ..., 
 [-0.1045386  -0.50897979  0.1667601  ...,  0.36594763  0.22604312
  -0.19248631]
 [-0.1137912  -0.26888371  0.03389038 ...,  0.19166757  0.16682454
  -0.12882242]
 [-0.04576947 -0.10489328 -0.00762988 ...,  0.04416454  0.00793399
  -0.06673016]]
[[ 0.0202427  -0.01137806  0.00123799 ...,  0.07584652 -0.18567101
   0.02894482]
 [ 0.08281257 -0.26031767 -0.26768655 ..., -0.69458522  1.1346728
   0.14836686]
 [ 0.06837333 -0.01443767 -0.05821562 ..., -0.14547848  0.26672133
   0.05800716]
 ..., 
 [ 0.03248271 -0.17543587 -0.19470852 ..., -0.35225115  0.64405067
   0.10288525]
 [ 0.02120606 -0.10390411 -0.07494195 ..., -0.21006473  0.33039656
   0.0137771 ]
 [ 0.00865676  0.09547923  0.11116497 ...,  0.21405521 -0.40582621
  -0.11058251]]
[[-0.00947653 -0.10858654 -0.48481625 ..., -0.25712295  0.18762884
   0.1222645 ]
 [-0.06832181  0.25402002  1.02327369 ...,  0.36205027 -0.3860576
  -0.28356905]
 [ 0.09009011 -0.12637112 -0.81514903 ..., -0.37656291  0.34540661
   0.30705992]
 ..., 
 [ 0.08599038 -0.15565399 -0.59713522 ..., -0.23402003  0.23695555
   0.1717339 ]
 [ 0.06342897 -0.25713355 -1.01975542 ..., -0.40575617  0.42592138
   0.29686556]
 [ 0.05775689 -0.05813428 -0.19839339 ..., -0.0281525   0.02768893
   0.0454112 ]]
[[ 0.00674006  0.04374137 -0.00817903 ..., -0.23873744  0.04056409
   0.0343666 ]
 [-0.07775512  0.20090961 -0.2151755  ..., -0.74782337  0.05303266
   0.02847588]
 [-0.07124902  0.49147148 -0.40293487 ..., -1.7520687   0.18940867
   0.08619636]
 ..., 
 [ 0.01182177  0.11904952 -0.11191521 ..., -0.50638227  0.01648334
   0.05151744]
 [ 0.02496535 -0.1196258   0.09698666 ...,  0.48729285 -0.03546109
  -0.01724017]
 [-0.02364085  0.06344776 -0.05176573 ..., -0.20313322  0.00545776
   0.00579403]]
[[ 0.11877019 -0.00946205  0.1234243  ...,  0.05070517  0.15561182
   0.1228273 ]
 [ 0.29071466 -0.06887432  0.85511894 ...,  0.08886778  0.68362546
   1.1304912 ]
 [ 0.39643139 -0.09556875  1.47607931 ...,  0.16387475  1.29127005
   2.10222045]
 ..., 
 [-0.11228027  0.05419776 -0.18191418 ...,  0.00557736 -0.21887511
  -0.23509498]
 [ 0.6371437  -0.21762003  2.08059823 ...,  0.20158071  1.81879201
   2.99481304]
 [ 0.33890721 -0.13913534  1.26309153 ...,  0.14541114  1.10046387
   1.77111897]]
[[-0.14196446 -3.60667937  0.84469648 ..., -0.08680669  0.26670845
   1.35720623]
 [ 0.01206167 -0.75433961  0.14581246 ...,  0.01595713  0.05554777
   0.30447765]
 [-0.01166688 -0.66861989  0.13656079 ..., -0.00769123  0.07780688
   0.23406215]
 ..., 
 [ 0.04092773  1.40881701 -0.38479089 ...,  0.09383707 -0.16704845
  -0.56537376]
 [-0.10783968 -2.27044209  0.56940483 ...,  0.0211987   0.15246371
   0.87502448]
 [-0.08260683 -1.05278399  0.28289376 ..., -0.02953521  0.10685023
   0.41910366]]
[[ 0.67795828  1.06778729 -2.07004844 ...,  0.65217374 -0.8632425
  -1.57984521]
 [-0.39960898 -0.64859581  1.2034746  ..., -0.43018891  0.44146915  0.90433   ]
 [ 0.32232579  0.50278972 -0.92887891 ...,  0.26588488 -0.39602827
  -0.69860526]
 ..., 
 [ 0.09995412  0.18372107 -0.41391648 ...,  0.1055501  -0.15241073
  -0.35425869]
 [-0.09134508 -0.07866289  0.1884937  ..., -0.07067838  0.04149803
   0.1014452 ]
 [ 0.26756207  0.47846806 -0.75555239 ...,  0.22068317 -0.32091008
  -0.59273826]]
[[-0.46730167 -0.79596554  0.21133587 ...,  0.55516587 -0.13921804
  -0.58730336]
 [ 1.03505349  1.66288306 -0.43483324 ..., -1.16131062 -0.1020909
   1.34101076]
 [-0.03748355  0.04765885 -0.04140143 ..., -0.06950908  0.18566593
   0.02687447]
 ..., 
 [ 0.85144538  1.26061794 -0.39486096 ..., -0.86674212 -0.15997518
   1.00706446]
 [ 1.13503531  1.79600515 -0.47883174 ..., -1.31694473  0.26506593
   1.39617727]
 [ 0.67262445  1.06351048 -0.2984989  ..., -0.71706017  0.25127654
   0.73555882]]
[[-0.68845541 -1.40337966  1.22574163 ...,  0.29293055  0.40207608
   0.0472304 ]
 [ 0.39877135  0.73741808 -0.65806987 ..., -0.12756886 -0.22591273
  -0.02387581]
 [-2.7888571  -5.46312726  4.95133565 ...,  1.20361612  1.50638032
   0.14889836]
 ..., 
 [-2.53070881 -5.01442753  4.48182928 ...,  1.0883234   1.34305693
   0.13440945]
 [ 2.32923859  4.67306537 -4.26671585 ..., -1.00592046 -1.26673896
  -0.02013596]
 [-0.01593401 -0.07091246  0.02953993 ..., -0.01066717 -0.01328597
   0.01443099]]
[[ 0.0493133   0.36597653  0.02996943 ...,  0.15045    -0.18442013
  -0.01622207]
 [ 0.23786554  0.41346033 -0.02048489 ...,  0.68991783 -0.6819846
  -0.12206252]
 [-0.27869299 -0.43119269 -0.01580176 ..., -0.60463519  0.66191443
   0.14854399]
 ..., 
 [-0.55138675 -0.4812333   0.02011696 ..., -1.59922984  1.47341211
   0.44509132]
 [ 0.58855631 -0.1974102  -0.06340803 ...,  1.54539495 -1.52036892
  -0.46424107]
 [ 0.07976625 -0.38186621 -0.0664397  ...,  0.30451212 -0.27421483
  -0.10840246]]
[[-0.65572197 -0.3499354  -0.78400279 ..., -0.0388771  -0.24933786
  -0.404266  ]
 [-0.31113252 -0.22296981 -0.30648568 ..., -0.01327876 -0.14138902
   0.50233492]
 [-0.77915027 -0.36863709 -0.95328121 ...,  0.00642813 -0.29384887
  -0.40061973]
 ..., 
 [ 0.16211297  0.03475604  0.23366571 ..., -0.01411311  0.14062758
  -0.45872502]
 [-1.11748399 -0.55605071 -1.50767638 ..., -0.09400024 -0.55593419
   0.56298824]
 [-0.16001332  0.01973101 -0.23736353 ...,  0.01544662 -0.06465087
   0.4964745 ]]
[[-0.88897433  0.00490912  0.36775253 ...,  0.68152432  0.33456271
  -1.37704084]
 [ 0.759825    0.02462592  0.68017483 ..., -0.13570237 -0.14289477
   1.52851894]
 [-1.06627226  0.04905457  1.20907668 ...,  1.15357879  0.45529011
  -1.2066914 ]
 ..., 
 [-0.6375015  -0.15369    -1.43014075 ..., -0.25506138  0.03431256
  -1.58976605]
 [-0.83342429 -0.01346811 -0.41728242 ...,  0.28587581  0.23730906
  -1.48576679]
 [ 0.70863294 -0.05240648 -0.12303939 ..., -0.4485186  -0.23191629
   1.00940674]]
[[ 0.08546303  0.00693123 -0.15269313 ..., -0.09727779  0.13919114
   0.04909378]
 [-0.03392496  0.0825136   0.11212344 ...,  0.08108967 -0.12308741
   0.0531463 ]
 [ 0.42552168  0.03235501 -0.52269073 ..., -0.48616031  0.38236497
   0.18162528]
 ..., 
 [-0.17476441  0.02464852  0.24947644 ...,  0.20784998 -0.22455049
  -0.01497462]
 [-0.53531237 -0.01974703  0.69041232 ...,  0.64833992 -0.60681222
  -0.33733081]
 [ 0.15506054 -0.02663943 -0.31875969 ..., -0.30576697  0.28408858
   0.09587059]]
[[ 0.10704162  1.25162527 -0.03379002 ...,  0.13715625 -0.09011462
  -0.03130142]
 [-0.2006793  -1.28309331 -0.19635145 ...,  1.0309106  -0.38392315
  -0.51185058]
 [ 0.20889863  1.30700138  0.19275329 ..., -0.82310008  0.3815746
   0.35984959]
 ..., 
 [-0.06687173 -1.38614804  0.09980939 ..., -0.57117231  0.18146319
   0.23163507]
 [ 0.18558669  1.25572532  0.13372607 ..., -0.60555167  0.23416315
   0.32144476]
 [-0.08874838  1.43234935 -0.44408775 ...,  2.12292725 -0.91455114
  -0.99917249]]
[[ 0.10000808  0.22857156 -0.0496172  ...,  0.13276808  0.37520442
   0.01245709]
 [ 0.15460194  0.85635022 -0.29730402 ...,  0.38965073  0.50258542
  -0.30046693]
 [ 0.14496647  0.46189243 -0.09282575 ...,  0.20494063  0.62719639
   0.02558001]
 ..., 
 [ 0.18260646  0.76697723 -0.32930113 ...,  0.22940247  0.33915561
  -0.23145841]
 [ 0.09775866  0.20040662 -0.08423806 ...,  0.12897475  0.42124507
   0.07771174]
 [ 0.05472073  0.03056512 -0.00552322 ...,  0.01575228  0.21635681
   0.11854333]]
[[-1.18490263 -0.70225028  0.3112374  ..., -0.8309792  -0.54386503
  -0.66355373]
 [-1.22520155  0.1232016  -0.00716767 ...,  0.1078275   0.01941749
   0.04335313]
 [ 1.12427273  0.15473526 -0.10290376 ...,  0.17108707  0.0978693
   0.10160609]
 ..., 
 [-1.12300277  0.15016341 -0.00956115 ...,  0.09988549  0.08329997
   0.04308409]
 [-0.83803434  0.18893485 -0.0947555  ...,  0.18255394  0.11343533
   0.15829807]
 [ 0.34044819  0.1866523  -0.10404026 ...,  0.24356769  0.18089788
   0.17288298]]
[[ 0.1906376  -0.59193732  1.06605662 ..., -1.08461276 -0.51655558
  -0.27017949]
 [-0.19178669  0.42057515 -0.7980395  ...,  0.84225069  0.41841633
   0.18981401]
 [-0.21540316  0.42010598 -0.80027747 ...,  0.81479331  0.46634938
   0.2117293 ]
 ..., 
 [ 0.03913917  0.01504106 -0.05296642 ...,  0.08263056 -0.0032172
  -0.04822249]
 [ 0.15629156 -0.47119689  0.76895632 ..., -0.75738941 -0.40804845
  -0.20958324]
 [-0.0089238   0.01621761  0.01862517 ...,  0.04272387 -0.03844133
  -0.03907026]]
[[ 0.06931933 -0.42384924 -0.48057214 ...,  0.38202302  0.45654869
  -0.17393414]
 [ 0.07270045  0.2405864  -0.21917524 ...,  0.25079493  0.20554717
  -0.03952244]
 [-0.02704435 -0.3075721   0.2200341  ..., -0.23435982 -0.15813633
  -0.04937772]
 ..., 
 [ 0.01547453  0.32897464  0.02412801 ..., -0.09707999 -0.02123955
   0.03273088]
 [ 0.08069844  0.26899292 -0.05825977 ...,  0.13175962  0.13465454
   0.00399859]
 [-0.00788115  0.39421672  0.18329841 ..., -0.18583478 -0.17973378
   0.13369208]]
[[-1.08521067 -0.60522474  0.03034988 ...,  0.44431224 -0.35094195
  -0.02599706]
 [-0.55886126 -0.30562332  0.01770001 ...,  0.17074808 -0.22275804
   0.2441434 ]
 [-0.07847154 -0.04245043 -0.00419512 ...,  0.11131959 -0.04915695
   0.17740429]
 ..., 
 [ 0.03989592  0.02369184 -0.01980306 ..., -0.07068717 -0.0105396
  -0.20502176]
 [-0.36219628 -0.15852169 -0.06522651 ...,  0.11717902 -0.09345367
  -0.10602977]
 [ 0.09117485 -0.01951915  0.01592259 ..., -0.04141127  0.06870641
   0.15962548]]
[[ 0.15449593 -0.2343135  -0.09119546 ...,  0.00166694 -0.07205001
  -0.10050369]
 [ 0.1024999  -0.0036437   0.09280408 ...,  0.07984386 -0.04659892
   0.11486461]
 [-0.03493606 -0.17800275 -0.41668775 ..., -0.12951507  0.04858333
  -0.30488313]
 ..., 
 [-0.08489918  0.067052   -0.137319   ..., -0.01632005  0.07645086
  -0.07303492]
 [-0.09805229 -0.14354915 -0.09316786 ...,  0.03782942  0.06426874
  -0.07884564]
 [-0.02407339  0.19783361  0.16215401 ...,  0.0223642   0.06635806
   0.09491768]]
[[ 0.30443785]
 [ 0.75929984]
 [ 1.97874878]
 ..., 
 [ 1.92012148]
 [ 1.59532627]
 [ 1.45506776]]